1     0     0     0     0     0    30   180     0
0     0     0     0     1     0    25   125     1
1     0     0     0     1     0    27   145     0
0     0     0     1     0     0    29   140     0
1     0     0     1     0     0    33   161     0
0     0     0     1     0     0    19   138     0
1     0     0     1     0     0    24   166     1
0     0     0     1     0     0    27   124     0
1     0     0     1     0     0    30   136     1
0     0     0     1     0     0    28   215     0
1     0     0     1     0     0    32   230     0
0     0     0     1     0     0    30   109     0
1     0     0     1     0     0    33   127     1
0     1     0     1     0     0    39   143     1
0     0     0     1     1     0    21   185     0
1     0     0     1     1     0    24   196     0
0     1     0     1     1     0    29   211     0
0     0     0     0     0     0    19   189     0
1     0     0     0     0     0    23   208     0
0     1     0     0     0     0    28   209     0
0     0     0     0     1     0    23   130     0
1     0     0     0     1     0    26   156     0
0     1     0     0     1     0    31   155     0
0     0     0     0     0     0    21   160     1
1     0     0     0     0     0    25   186     1
0     1     0     0     0     0    30   184     1
0     0     0     1     0     0    18    90     1
1     0     0     1     0     0    22   109     1
0     1     0     1     0     0    25   112     1
0     0     1     1     0     0    28   114     1
0     0     0     1     0     0    18    90     0
1     0     0     1     0     0    23   113     1
0     1     0     1     0     0    27   120     1
0     0     0     0     0     0    29   132     0
1     0     0     0     0     0    35   164     0
0     1     0     0     0     0    39   162     0
0     0     0     0     0     1    19   132     1
1     0     0     0     0     1    22   145     0
0     1     0     0     0     1    26   150     1
0     0     1     0     0     1    32   160     0
0     0     0     0     0     0    24   115     1
1     0     0     0     0     0    27   127     1
0     0     0     1     0     1    22    85     0
1     0     0     1     0     1    26   102     1
0     0     0     0     0     0    22   120     1
1     0     0     0     0     0    26   141     1
0     1     0     0     0     0    31   139     1
0     0     0     0     0     1    23   128     1
1     0     0     0     0     1    27   141     0
0     0     0     1     0     0    22   130     1
1     0     0     1     0     0    27   154     1
0     0     0     1     0     0    30    95     1
1     0     0     1     0     0    34   121     1
0     1     0     1     0     0    36   106     1
0     0     0     0     0     1    19   115     0
1     0     0     0     0     1    23   122     0
0     1     0     0     0     1    27   131     0
0     0     0     0     0     1    16   110     0
1     0     0     0     0     1    21   136     0
0     1     0     0     0     1    25   131     0
0     0     0     1     0     1    21   110     0
1     0     0     1     0     1    24   131     1
0     1     0     1     0     1    27   127     1
0     0     0     0     0     1    30   153     0
1     0     0     0     0     1    34   169     0
0     1     0     0     0     1    38   170     1
0     0     0     0     0     1    20   103     0
1     0     0     0     0     1    23   126     0
0     0     0     0     0     1    17   119     0
1     0     0     0     0     1    21   141     0
0     1     0     0     0     1    24   137     0
0     0     0     0     0     1    17   119     0
1     0     0     0     0     1    21   140     0
0     0     0     0     0     1    23   119     0
1     0     0     0     0     1    29   150     0
0     1     0     0     0     1    34   148     0
0     0     1     0     0     1    37   135     0
0     0     0     0     0     1    24   110     0
1     0     0     0     0     1    28   130     0
0     1     0     0     0     1    32   133     0
0     0     0     0     0     0    28   140     0
1     0     0     0     0     0    31   164     0
0     0     0     1     0     1    26   133     0
1     0     0     1     0     1    32   165     0
0     0     0     0     0     1    20   169     1
1     0     0     0     0     1    23   185     1
0     0     0     0     0     1    24   115     0
1     0     0     0     0     1    29   141     0
0     1     0     0     0     1    32   142     0
0     0     0     1     0     1    28   250     0
1     0     0     1     0     1    30   262     0
0     0     0     0     0     0    20   141     0
1     0     0     0     0     0    22   152     0
0     1     0     0     0     0    25   156     0
0     0     0     0     1     0    22   158     0
1     0     0     0     1     0    25   176     0
0     0     0     1     0     0    22   112     0
1     0     0     1     0     0    28   147     0
0     0     0     1     0     1    28   150     1
1     0     0     1     0     1    30   174     1
0     0     0     1     0     1    23   115     1
1     0     0     1     0     1    28   141     1
0     1     0     1     0     1    33   135     1
0     0     0     0     1     0    16   112     0
1     0     0     0     1     0    18   139     0
0     1     0     0     1     0    24   151     0
0     0     0     1     0     0    16   135     0
1     0     0     1     0     0    18   145     1
0     1     0     1     0     0    24   169     1
0     0     1     1     0     0    28   150     0
0     0     0     0     1     0    18   229     1
1     0     0     0     1     0    21   245     0
0     0     0     0     0     0    25   140     1
1     0     0     0     0     0    29   163     0
0     1     0     0     0     0    35   170     0
0     0     0     1     0     0    29   134     0
1     0     0     1     0     0    34   158     1
0     0     0     1     1     0    20   121     0
1     0     0     1     1     0    23   134     0
0     0     0     0     0     0    23   190     0
1     0     0     0     0     0    27   216     0
0     1     0     0     0     0    29   202     0
0     0     0     0     0     0    22   131     1
1     0     0     0     0     0    28   149     1
0     1     0     0     0     0    33   150     1
0     0     0     0     0     0    29   170     0
1     0     0     0     0     0    33   191     0
0     0     0     0     0     1    30   110     0
1     0     0     0     0     1    34   133     0
0     0     0     0     0     1    20   127     0
1     0     0     0     0     1    23   146     0
0     0     0     0     0     1    23   123     0
1     0     0     0     0     1    28   154     0
0     1     0     0     0     1    32   142     0
0     0     0     1     0     1    17   120     0
1     0     0     1     0     1    19   136     0
0     1     0     1     0     1    22   139     0
0     0     0     0     0     1    19   105     1
1     0     0     0     0     1    24   134     1
0     1     0     0     0     1    26   112     1
0     0     0     0     0     0    23   130     0
1     0     0     0     0     0    28   153     0
0     1     0     0     0     0    31   144     0
0     0     0     0     0     0    33   175     0
1     0     0     0     0     0    37   189     0
0     1     0     0     0     0    43   200     0
0     0     1     0     0     0    48   193     0
0     0     0     0     0     0    22   125     0
1     0     0     0     0     0    27   155     0
0     0     0     0     0     0    24   133     1
1     0     0     0     0     0    30   168     1
0     0     0     0     0     1    21   134     0
1     0     0     0     0     1    26   157     0
0     1     0     0     0     1    28   147     1
0     0     0     1     0     0    19   235     0
1     0     0     1     0     0    23   254     0
0     0     0     1     0     0    25    95     0
1     0     0     1     0     0    31   134     0
0     1     0     1     0     0    33   104     0
0     0     0     1     0     0    16   135     0
1     0     0     1     0     0    21   156     0
0     0     0     0     0     0    29   135     1
1     0     0     0     0     0    33   150     1
0     0     0     0     0     0    29   154     0
1     0     0     0     0     0    33   176     0
0     1     0     0     0     0    37   171     0
0     0     0     1     0     0    19   147     0
1     0     0     1     0     0    23   169     1
0     1     0     1     0     0    26   161     0
0     0     0     1     0     0    19   147     0
1     0     0     1     0     0    23   157     1
0     0     0     0     0     0    30   137     1
1     0     0     0     0     0    32   143     1
0     0     0     0     0     0    24   110     1
1     0     0     0     0     0    29   141     1
0     0     0     1     0     0    19   184     0
1     0     0     1     0     0    25   210     0
0     0     0     0     0     1    24   110     0
1     0     0     0     0     1    27   126     0
0     0     0     0     0     0    23   110     0
1     0     0     0     0     0    26   124     0
0     0     0     0     0     1    20   120     0
1     0     0     0     0     1    23   138     0
0     0     0     0     1     0    25   241     0
1     0     0     0     1     0    30   267     0
0     1     0     0     1     0    36   272     0
0     0     0     0     0     0    30   112     0
1     0     0     0     0     0    34   139     0
0     0     0     0     0     0    22   169     1
1     0     0     0     0     0    27   197     1
0     0     0     1     0     0    18   120     1
1     0     0     1     0     0    20   128     0
0     0     0     0     1     0    16   170     0
1     0     0     0     1     0    21   194     0
0     1     0     0     1     0    27   206     0
0     0     1     0     1     0    32   202     0
0     0     0     0     0     0    29   186     0
1     0     0     0     0     0    33   208     0
0     0     0     0     0     1    18   120     1
1     0     0     0     0     1    21   127     1
0     0     0     1     0     0    29   130     0
1     0     0     1     0     0    32   141     0
0     1     0     1     0     0    37   169     1
0     0     0     0     0     0    30   117     1
1     0     0     0     0     0    34   144     0
0     1     0     0     0     0    38   137     1
0     0     0     1     0     0    20   170     0
1     0     0     1     0     0    24   193     0
0     1     0     1     0     0    26   179     1
0     0     0     0     0     1    28   134     1
1     0     0     0     0     1    34   160     0
0     0     0     0     0     0    14   135     1
1     0     0     0     0     0    19   160     0
0     0     0     0     0     1    28   130     0
1     0     0     0     0     1    33   156     0
0     1     0     0     0     1    37   159     0
0     0     0     0     0     0    25   120     0
1     0     0     0     0     0    29   139     0
0     0     0     0     0     1    16    95     0
1     0     0     0     0     1    22   127     0
0     0     0     0     0     0    20   158     0
1     0     0     0     0     0    23   171     0
0     0     0     0     0     1    26   160     0
1     0     0     0     0     1    31   188     0
0     1     0     0     0     1    36   186     0
0     0     1     0     0     1    39   175     0
0     0     0     0     0     0    21   115     1
1     0     0     0     0     0    24   133     0
0     0     0     0     0     0    22   129     1
1     0     0     0     0     0    28   161     1
0     1     0     0     0     0    32   147     1
0     0     0     0     0     0    25   130     0
1     0     0     0     0     0    27   139     0
0     0     0     0     0     0    28   120     1
1     0     0     0     0     0    31   138     1
0     0     0     0     0     0    32   170     0
1     0     0     0     0     0    37   190     0
0     1     0     0     0     0    39   191     0
0     0     0     1     0     0    19   120     0
1     0     0     1     0     0    25   152     0
0     1     0     1     0     0    27   128     1
0     0     0     0     0     0    24   116     1
1     0     0     0     0     0    28   131     1
0     1     0     0     0     0    33   138     1