0     0     0     1     0     1    28   120     0
1     0     0     1     0     1    33   141     0
0     0     0     0     0     0    29   130     0
1     0     0     0     0     0    34   151     0
0     1     0     0     0     0    37   144     1
0     0     0     1     1     0    31   187     1
1     0     0     1     1     0    35   209     1
0     1     0     1     1     0    41   217     1
0     0     0     0     0     1    25   105     0
1     0     0     0     0     1    30   129     0
0     0     0     0     0     1    25    85     0
1     0     0     0     0     1    30   106     0
0     0     0     0     0     1    27   150     0
1     0     0     0     0     1    33   172     0
0     1     0     0     0     1    36   175     0
0     0     0     0     0     1    23    97     0
1     0     0     0     0     1    25   106     0
0     1     0     0     0     1    31   128     0
0     0     0     0     1     0    24   128     0
1     0     0     0     1     0    29   152     0
0     1     0     0     1     0    35   156     0
0     0     0     0     0     1    24   132     0
1     0     0     0     0     1    27   147     0
0     0     0     1     0     0    21   165     0
1     0     0     1     0     0    24   183     0
0     0     0     1     0     0    29   105     0
1     0     0     1     0     0    31   120     0
0     1     0     1     0     0    37   130     1
0     0     0     1     0     0    19    91     0
1     0     0     1     0     0    24   112     0
0     1     0     1     0     0    28   110     0
0     0     0     0     0     1    25   115     1
1     0     0     0     0     1    28   138     1
0     0     0     0     0     1    16   130     0
1     0     0     0     0     1    21   151     0
0     0     0     1     0     0    25    92     0
1     0     0     1     0     0    28   108     0
0     1     0     1     0     0    34   121     0
0     0     0     1     0     0    20   150     1
1     0     0     1     0     0    26   181     0
0     1     0     1     0     0    29   170     1
0     0     0     0     1     0    21   200     0
1     0     0     0     1     0    25   224     0
0     1     0     0     1     0    29   221     0
0     0     0     1     0     0    24   155     1
1     0     0     1     0     0    30   177     1
0     1     0     1     0     0    33   176     1
0     0     0     0     0     1    21   103     0
1     0     0     0     0     1    25   122     0
0     1     0     0     0     1    30   115     0
0     0     0     0     0     1    20   125     0
1     0     0     0     0     1    25   153     0
0     0     0     0     0     1    25    89     1
1     0     0     0     0     1    31   121     1
0     0     0     0     0     0    19   102     0
1     0     0     0     0     0    24   130     0
0     1     0     0     0     0    27   116     0
0     0     0     1     0     0    19   112     1
1     0     0     1     0     0    23   133     1
0     1     0     1     0     0    27   126     1
0     0     0     1     0     0    26   117     0
1     0     0     1     0     0    30   140     1
0     1     0     1     0     0    35   141     1
0     0     0     0     0     0    24   138     0
1     0     0     0     0     0    30   164     0
0     0     0     1     0     1    17   130     0
1     0     0     1     0     1    19   145     0
0     1     0     1     0     1    21   146     0
0     0     0     1     1     0    20   120     0
1     0     0     1     1     0    24   149     1
0     0     0     1     0     0    22   130     0
1     0     0     1     0     0    27   155     0
0     0     0     0     1     0    27   130     0
1     0     0     0     1     0    32   153     0
0     1     0     0     1     0    38   167     0
0     0     0     1     0     1    20    80     1
1     0     0     1     0     1    24   103     1
0     0     0     1     0     0    17   110     1
1     0     0     1     0     0    21   132     1
0     0     0     0     0     1    25   105     0
1     0     0     0     0     1    27   119     0
0     1     0     0     0     1    32   135     0
0     0     0     0     0     1    20   109     0
1     0     0     0     0     1    25   129     0
0     1     0     0     0     1    29   136     0
0     0     0     0     0     1    18   148     0
1     0     0     0     0     1    23   175     0
0     1     0     0     0     1    26   168     0
0     0     0     1     1     0    18   110     0
1     0     0     1     1     0    20   127     0
0     1     0     1     1     0    22   124     0
0     0     0     1     0     0    20   121     1
1     0     0     1     0     0    24   147     1
0     0     0     0     0     1    21   100     1
1     0     0     0     0     1    27   126     0
0     0     0     0     0     1    26    96     0
1     0     0     0     0     1    31   113     1
0     0     0     1     0     0    28   102     0
1     0     0     1     0     0    34   118     1
0     0     0     0     0     0    15   110     1
1     0     0     0     0     0    18   125     1
0     0     0     1     1     0    23   187     1
1     0     0     1     1     0    28   216     0
0     1     0     1     1     0    32   213     1
0     0     1     1     1     0    36   206     1
0     0     0     1     1     0    20   122     0
1     0     0     1     1     0    25   144     0
0     1     0     1     1     0    28   148     0
0     0     0     1     1     0    24   105     0
1     0     0     1     1     0    30   131     1
0     1     0     1     1     0    35   121     1
0     0     1     1     1     0    41   141     1
0     0     0     0     0     1    15   115     0
1     0     0     0     0     1    21   141     0
0     1     0     0     0     1    26   143     0
0     0     0     0     0     1    23   120     0
1     0     0     0     0     1    28   150     0
0     1     0     0     0     1    32   149     0
0     0     0     1     0     0    30   142     1
1     0     0     1     0     0    33   150     1
0     1     0     1     0     0    35   159     1
0     0     1     1     0     0    40   175     1
0     0     0     1     0     0    22   130     0
1     0     0     1     0     0    28   155     0
0     1     0     1     0     0    30   142     1
0     0     0     1     0     0    17   120     0
1     0     0     1     0     0    20   131     0
0     0     0     1     0     0    23   110     1
1     0     0     1     0     0    26   125     1
0     1     0     1     0     0    32   144     1
0     0     1     1     0     0    36   132     1
0     0     0     0     1     0    17   120     1
1     0     0     0     1     0    21   138     1
0     0     0     0     0     1    26   154     0
1     0     0     0     0     1    29   171     0
0     1     0     0     0     1    32   165     0
0     0     0     0     0     1    20   105     0
1     0     0     0     0     1    23   117     0
0     0     0     1     0     0    26   190     0
1     0     0     1     0     0    29   207     0
0     1     0     1     0     0    33   209     0
0     0     0     1     0     1    14   101     0
1     0     0     1     0     1    17   117     0
0     1     0     1     0     1    22   119     0
0     0     0     1     0     0    28    95     1
1     0     0     1     0     0    30   111     1
0     1     0     1     0     0    35   129     1
0     0     0     0     0     1    14   100     0
1     0     0     0     0     1    17   110     0
0     0     0     1     0     1    23    94     0
1     0     0     1     0     1    28   109     0
0     0     0     0     1     0    17   142     0
1     0     0     0     1     0    19   157     0
0     0     0     1     0     0    21   130     0
1     0     0     1     0     0    27   155     0
0     0     0     0     1     0    19   182     0
1     0     0     0     1     0    24   196     0
0     1     0     0     1     0    28   210     0
0     0     0     0     0     1    30   155     0
1     0     0     0     0     1    32   169     0
0     0     0     1     0     0    20   105     0
1     0     0     1     0     0    26   131     0
0     0     0     1     0     0    21   108     0
1     0     0     1     0     0    27   135     0
0     1     0     1     0     0    29   123     0
0     0     0     1     0     0    18   107     1
1     0     0     1     0     0    23   131     1
0     0     0     0     0     1    21   124     1
1     0     0     0     0     1    25   143     1
0     0     0     0     0     0    22   118     0
1     0     0     0     0     0    27   139     0
0     0     0     0     0     1    17   103     0
1     0     0     0     0     1    21   136     0
0     1     0     0     0     1    24   114     0
0     0     0     1     0     0    29   123     0
1     0     0     1     0     0    31   143     0
0     1     0     1     0     0    35   144     0
0     0     0     1     0     0    26   113     0
1     0     0     1     0     0    31   137     0
0     1     0     1     0     0    37   147     0
0     0     0     0     0     1    19    95     0
1     0     0     0     0     1    23   110     0
0     1     0     0     0     1    26    99     0
0     0     0     0     0     1    19   150     0
1     0     0     0     0     1    23   171     0
0     0     0     0     0     1    22    95     0
1     0     0     0     0     1    26   114     0
0     1     0     0     0     1    31   120     0
0     0     0     0     0     1    30   107     0
1     0     0     0     0     1    34   129     0
0     1     0     0     0     1    38   128     0
0     0     0     1     0     0    18   100     0
1     0     0     1     0     0    20   113     1
0     1     0     1     0     0    24   128     0
0     0     0     1     0     0    18   100     0
1     0     0     1     0     0    23   129     0
0     1     0     1     0     0    29   134     1
0     0     0     0     1     0    15    98     0
1     0     0     0     1     0    20   117     0
0     1     0     0     1     0    25   126     0
0     0     0     1     0     0    25   118     0
1     0     0     1     0     0    28   134     0
0     1     0     1     0     0    34   140     0
0     0     0     0     0     1    20   120     1
1     0     0     0     0     1    25   143     1
0     0     0     1     0     0    28   120     0
1     0     0     1     0     0    31   132     0
0     1     0     1     0     0    34   145     0
0     0     1     1     0     0    37   137     0
0     0     0     0     0     1    29   121     1
1     0     0     0     0     1    33   139     1
0     1     0     0     0     1    37   145     1
0     0     0     0     0     0    28   100     0
1     0     0     0     0     0    30   111     0
0     1     0     0     0     0    33   107     1
0     0     0     0     0     0    33   202     0
1     0     0     0     0     0    39   220     0
0     0     0     0     0     1    28   120     0
1     0     0     0     0     1    32   140     0
0     1     0     0     0     1    37   140     0
0     0     0     0     0     1    25   120     0
1     0     0     0     0     1    27   136     0
0     1     0     0     0     1    31   138     0
0     0     1     0     0     1    34   129     0
0     0     0     0     0     0    28   167     1
1     0     0     0     0     0    32   190     1
0     1     0     0     0     0    37   193     0
0     0     0     1     0     0    17   122     1
1     0     0     1     0     0    23   148     1
0     0     0     0     0     0    29   150     0
1     0     0     0     0     0    35   174     0
0     0     0     1     1     0    26   168     0
1     0     0     1     1     0    31   194     0
0     0     0     0     1     0    17   113     0
1     0     0     0     1     0    21   129     0
0     1     0     0     1     0    26   132     0
0     0     1     0     1     0    29   130     0
0     0     0     0     1     0    17   113     0
1     0     0     0     1     0    22   130     0
0     0     0     1     0     0    24    90     1
1     0     0     1     0     0    26   107     1
0     0     0     1     1     0    32   121     0
1     0     0     1     1     0    35   143     1
0     0     0     0     0     0    25   155     0