50 66 1 1
51 59 13 2
51 59 3 2
51 64 7 1
51 59 1 1
51 65 0 1
51 66 1 1
52 69 3 2
52 59 2 2
52 62 3 2
52 66 4 2
52 61 0 1
52 63 4 1
52 69 0 1
52 60 4 1
52 60 5 1
52 62 0 1
52 62 1 1
52 64 0 1
52 65 0 1
52 68 0 1
53 58 4 2
53 65 1 2
53 59 3 2
53 60 9 2
53 63 24 2
53 65 12 2
53 58 1 1
53 60 1 1
53 60 2 1
53 61 1 1
53 63 0 1
54 60 11 2
54 65 23 2
54 65 5 2
54 68 7 2
54 59 7 1
54 60 3 1
54 66 0 1
54 67 46 1
54 62 0 1
54 69 7 1
54 63 19 1
54 58 1 1
54 62 0 1
55 63 6 2
55 68 15 2
55 58 1 1
55 58 0 1
55 58 1 1
55 66 18 1
55 66 0 1
55 69 3 1
55 69 22 1
55 67 1 1
56 65 9 2
56 66 3 2
56 60 0 1
56 66 2 1
56 66 1 1
56 67 0 1
56 60 0 1
57 61 5 2
57 62 14 2
57 64 1 2
57 64 9 1
57 69 0 1
57 61 0 1
57 62 0 1
57 63 0 1
57 64 0 1
57 64 0 1
57 67 0 1
58 59 0 1
58 60 3 1
58 61 1 1
58 67 0 1
58 58 0 1
58 58 3 1
58 61 2 1
59 62 35 2
59 60 0 1
59 63 0 1
59 64 1 1
59 64 4 1
59 64 0 1
59 64 7 1
59 67 3 1
60 59 17 2
60 65 0 2
60 61 1 1
60 67 2 1
60 61 25 1
60 64 0 1
61 62 5 2
61 65 0 2
61 68 1 2
61 59 0 1
61 59 0 1
61 64 0 1
61 65 8 1
61 68 0 1
61 59 0 1
62 59 13 2
62 58 0 2
62 65 19 2
62 62 6 1
62 66 0 1
62 66 0 1
62 58 0 1
63 60 1 2
63 61 0 1
63 62 0 1
63 63 0 1
63 63 0 1
63 66 0 1
63 61 9 1
63 61 28 1
64 58 0 1
64 65 22 1
64 66 0 1
64 61 0 1
64 68 0 1
65 58 0 2
65 61 2 2
65 62 22 2
65 66 15 2
65 58 0 1
65 64 0 1
65 67 0 1
65 59 2 1
65 64 0 1
65 67 1 1
66 58 0 2
66 61 13 2